Journal Results:
Random 2 phase fits
001 - [1.93720249e-04 4.07712046e+02 1.69853889e-01 4.95287938e+02 9.97261332e+01 1.13288784e+01]
002 - [6.71704841e-05 1.40990574e+02 8.62182886e-02 4.97630824e+02 9.84765813e+01 7.27925779e+00]
003 - [1.83088439e-04 1.08821645e+02 9.92207900e-02 4.61989552e+02 9.89050131e+01 6.62715592e+00]
004 - [1.73276641e-04 1.77745201e+02 4.51692498e-02 3.41161177e+02 4.33341378e+01 1.51288120e+01]
005 - [1.49747119e-04 1.41182191e+02 7.30634414e-02 4.94437950e+02 9.75331870e+01 2.73998553e+00]
006 - [1.58659397e-04 4.54270035e+02 1.01126842e-01 4.86258038e+02 9.73174167e+01 5.83599924e+00]
007 - [8.14075934e-05 4.83196550e+02 1.48894968e-02 4.99830320e+02 9.84978221e+01 1.37663570e+01]
008 - [1.60057423e-04 4.40366925e+02 7.55761911e-02 4.04048641e+02 9.63305270e+01 1.11040275e+01]
009 - [4.54496627e-04 2.57653941e+02 1.32345191e-01 4.67581495e+02 9.98036470e+01 3.48064063e+00]
010 - [2.18389184e-04 1.18831474e+02 4.10134500e-02 4.53476781e+02 9.97723897e+01 1.52063258e+01]
011 - [2.81136072e-04 3.26879308e+02 2.33560465e-02 3.19333173e+02 9.99183723e+01 2.73574469e+01]
012 - [1.52822679e-04 1.23387261e+02 9.50627356e-02 4.99331569e+02 9.97034575e+01 1.36127731e+01]

mean- [0.000189497658958333	 265.086429250000 0.0797413009833333	 451.697288166667 94.1098903916667 11.1223049841667

Random New
001 - [3.38811949e-04 4.47771896e+02 1.16103766e-01 3.70867913e+02 9.91687458e+01 1.09545184e+01]
002 - [3.43976183e-04 1.41933652e+02 1.06926426e-01 3.94731994e+02 9.91496429e+01 1.58932726e+00]
003 - [4.49050276e-04 4.57548914e+01 1.41103998e-01 4.36022373e+02 2.58038485e+01 6.61278121e+00]
004 - [9.06565482e-02 1.80394102e+02 5.79266765e-02 3.55667557e+02 4.74665588e+01 4.26876314e+01]
005 - [6.20179553e-04 1.69932339e+02 1.37947678e-01 4.92466285e+02 7.56660391e+01 3.16455564e+00]
006 - [3.98415671e-04 1.09266579e+02 9.18642403e-02 3.20250061e+02 4.33992967e+01 7.85612711e+00]
007 - [3.05110546e+00 3.12445673e+01 2.00940356e-01 4.92748839e+02 7.18376365e+00 1.92485454e+00]
010 - [2.11145026e-01 3.79501185e+01 1.53040643e-01 2.89098748e+02 6.93161707e+00 1.48482714e+00]

008 - [2.62015100e-04 7.68866014e+01 1.50855905e-01 3.77775668e+02 1.31115580e+01 1.59706595e+01]
012 - [1.53320720e-03 9.66716112e+01 1.16186292e-01 3.22257273e+02 2.05161303e+01 1.08751615e+01]
Random
001 - [3.36280594e-01 1.71050044e+02 9.86593936e-02 3.23084317e+02 1.55697137e+00 3.02546002e-01]
002 - [7.22844804e-05 2.13566947e+02 8.86832923e-02 3.85131484e+02 8.10959091e+01 1.25043515e+01]
003 - [4.62285298e-04 7.17545458e+01 1.22603097e-01 3.47746808e+02 2.44311729e+01 6.88364350e+00]
004 - [1.49516263e-01 1.13843433e+02 7.24751977e-02 4.21596087e+02 1.95265493e+01 2.57287885e+01]
005 - [4.62285298e-04 7.17545458e+01 1.22603097e-01 3.47746808e+02 2.44311729e+01 6.88364350e+00]
006 - [2.92826068e-04 2.39374812e+02 1.00022600e-01 3.19400832e+02 8.20267093e+01 1.01532032e+01]
007 - [2.79757831e-01 3.69361982e+01 1.90013561e-01 4.46270188e+02 6.42817310e+00 2.99790296e+01]
008 - [5.35261609e-04 3.64919322e+01 2.09251922e-01 4.96841508e+02 6.87436260e+00 1.06039695e+01]
009 - [4.45324621e-04 1.19378917e+02 1.60054986e-01 4.86599848e+02 8.67344244e+01 3.04108308e+00]
010 - [4.38988001e-01 7.11642048e+01 1.17184065e-01 2.24030728e+02 1.15426243e+01 9.97604093e-01]
011 - [8.83079773e-01 1.10151645e+02 9.45580086e-02 3.49716422e+02 4.48006789e+00 7.85832167e-02]
012 - [2.40811946e-03 3.98397739e+02 6.58736070e-02 1.60383687e+02 4.75873033e+01 9.81570764e+00]

Avg params - [1.74348025e-01, 1.58317126e+02, 1.18453440e-01, 3.58149259e+02, 3.89554775e+01, 9.64526362e+00]


Random TS:
01 - [8.02255190e-04 1.72773971e+02 4.20037752e-02 1.43108324e+02 2.74027072e+01 1.16427004e+01]
02 - [1.75721514e-01 2.60871083e+02 2.67953557e-02 1.09998608e+02 1.75613183e+01 1.39559587e+01]
03 - [3.51497801e-01 1.17236853e+02 8.56209021e-02 1.66045327e+02 1.94831196e+01 7.26796353e+00]
04 - [1.82529040e-03 2.00916513e+02 4.73044723e-02 1.55794660e+02 2.31073270e+01 3.27728787e+00]
05 - [4.97715614e-04 1.01265355e+02 1.03538409e-01 4.19121357e+02 8.52043641e+01 5.91463378e-01]


001 - [1.00470614e-04 8.99961609e-01 5.42331678e+00 1.48066604e+01 5.49601587e-01 2.12799455e-03]*
002 - [1.19627084e-04 6.13307445e+00 7.94976722e+00 1.58659120e+01 1.96024159e+01 3.89330230e-02]
003 - [1.04138492e-04 1.85040045e+01 3.63279611e+00 9.15917954e+00 5.96757931e+00 5.56519571e-03]*
004 - [7.83991744e-04 1.82790411e-01 7.02979524e+00 4.90678330e+00 7.90759341e-02 1.40827734e-03]
005 - [1.63396775e-04 7.65404055e-01 7.60087705e+00 1.97234965e+01 7.65470593e-01 1.91084910e-02]*
007 - [3.03115479e-03 2.51208411e+00 9.74945185e+00 1.29678078e+01 1.28596165e+01 2.36561942e+00]
008 - [1.17591588e-04 6.34805343e-01 5.73989425e+00 1.13431866e+01 8.35754909e-01 1.00214374e-03]*
009 - [1.08342615e-04 1.39177811e+00 4.58119791e+00 1.31437823e+01 1.48949476e+00 7.03561461e-02]
010 - [1.02027033e-04 1.96991536e+01 4.14288470e+00 8.19061716e+00 4.33850416e+00 2.45830553e-03]
011 - [1.01529569e-04 1.01642005e+01 2.62096041e+00 1.92506544e+01 1.09713801e+01 1.31306749e-01]*
012 - [1.38729720e-04 3.19638966e+00 3.50948635e+00 5.20693957e+00 1.44982856e+00 2.70839379e-03]



4 Session fits
008 - [1.03661337e-04 1.09086247e+00 4.76774527e+00 7.29484550e+00 1.52412068e+00 4.71410483e-03]
011 - [3.45804500e-04 4.55977630e+00 5.79602117e+00 1.44979841e+01 1.05351269e+01 1.82366448e-01]



Rajiv Data Fits:
01 - [0.06638312, 3.17414901, 2.45812435, 1.30978218, 0.87637697, 0.13695541]
05 - [3.02844779e-03, 3.14480612e+00, 3.30565657e+00, 1.59646841e+00, 1.01647669e+00, 5.45089277e-01]
08 - [0.04560625, 1.53826924, 3.30723253, 3.27134663, 1.00814878, 0.05076906]
12 - [0.13975294, 1.9856537,  3.57353247, 1.89765196, 0.9555619,  0.01692007]
14 - [1.27167635e-03, 2.49159204e+00, 3.53825520e+00, 1.55688299e+00, 1.97490096e+00, 7.11824456e-01]
16 - [0.12519652, 0.71310447, 3.97435408, 2.25149752, 0.92981486, 0.00643546]
