Journal Results:
Random
001 - [3.36280594e-01 1.71050044e+02 9.86593936e-02 3.23084317e+02 1.55697137e+00 3.02546002e-01]
002 - [7.22844804e-05 2.13566947e+02 8.86832923e-02 3.85131484e+02 8.10959091e+01 1.25043515e+01]
003 - [4.62285298e-04 7.17545458e+01 1.22603097e-01 3.47746808e+02 2.44311729e+01 6.88364350e+00]
004 - [1.49516263e-01 1.13843433e+02 7.24751977e-02 4.21596087e+02 1.95265493e+01 2.57287885e+01]
005 - [4.62285298e-04 7.17545458e+01 1.22603097e-01 3.47746808e+02 2.44311729e+01 6.88364350e+00]
006 - [2.92826068e-04 2.39374812e+02 1.00022600e-01 3.19400832e+02 8.20267093e+01 1.01532032e+01]
007 - [2.79757831e-01 3.69361982e+01 1.90013561e-01 4.46270188e+02 6.42817310e+00 2.99790296e+01]
008 - [5.35261609e-04 3.64919322e+01 2.09251922e-01 4.96841508e+02 6.87436260e+00 1.06039695e+01]
009 - [4.45324621e-04 1.19378917e+02 1.60054986e-01 4.86599848e+02 8.67344244e+01 3.04108308e+00]
010 - [4.38988001e-01 7.11642048e+01 1.17184065e-01 2.24030728e+02 1.15426243e+01 9.97604093e-01]
011 - [8.83079773e-01 1.10151645e+02 9.45580086e-02 3.49716422e+02 4.48006789e+00 7.85832167e-02]
012 - [2.40811946e-03 3.98397739e+02 6.58736070e-02 1.60383687e+02 4.75873033e+01 9.81570764e+00]

Avg params - [1.74348025e-01, 1.58317126e+02, 1.18453440e-01, 3.58149259e+02, 3.89554775e+01, 9.64526362e+00]


Random TS:
01 - [8.02255190e-04 1.72773971e+02 4.20037752e-02 1.43108324e+02 2.74027072e+01 1.16427004e+01]
02 - [1.75721514e-01 2.60871083e+02 2.67953557e-02 1.09998608e+02 1.75613183e+01 1.39559587e+01]
03 - [3.51497801e-01 1.17236853e+02 8.56209021e-02 1.66045327e+02 1.94831196e+01 7.26796353e+00]
04 - [1.82529040e-03 2.00916513e+02 4.73044723e-02 1.55794660e+02 2.31073270e+01 3.27728787e+00]
05 - [4.97715614e-04 1.01265355e+02 1.03538409e-01 4.19121357e+02 8.52043641e+01 5.91463378e-01]


001 - [1.00470614e-04 8.99961609e-01 5.42331678e+00 1.48066604e+01 5.49601587e-01 2.12799455e-03]*
002 - [1.19627084e-04 6.13307445e+00 7.94976722e+00 1.58659120e+01 1.96024159e+01 3.89330230e-02]
003 - [1.04138492e-04 1.85040045e+01 3.63279611e+00 9.15917954e+00 5.96757931e+00 5.56519571e-03]*
004 - [7.83991744e-04 1.82790411e-01 7.02979524e+00 4.90678330e+00 7.90759341e-02 1.40827734e-03]
005 - [1.63396775e-04 7.65404055e-01 7.60087705e+00 1.97234965e+01 7.65470593e-01 1.91084910e-02]*
007 - [3.03115479e-03 2.51208411e+00 9.74945185e+00 1.29678078e+01 1.28596165e+01 2.36561942e+00]
008 - [1.17591588e-04 6.34805343e-01 5.73989425e+00 1.13431866e+01 8.35754909e-01 1.00214374e-03]*
009 - [1.08342615e-04 1.39177811e+00 4.58119791e+00 1.31437823e+01 1.48949476e+00 7.03561461e-02]
010 - [1.02027033e-04 1.96991536e+01 4.14288470e+00 8.19061716e+00 4.33850416e+00 2.45830553e-03]
011 - [1.01529569e-04 1.01642005e+01 2.62096041e+00 1.92506544e+01 1.09713801e+01 1.31306749e-01]*
012 - [1.38729720e-04 3.19638966e+00 3.50948635e+00 5.20693957e+00 1.44982856e+00 2.70839379e-03]



4 Session fits
008 - [1.03661337e-04 1.09086247e+00 4.76774527e+00 7.29484550e+00 1.52412068e+00 4.71410483e-03]
011 - [3.45804500e-04 4.55977630e+00 5.79602117e+00 1.44979841e+01 1.05351269e+01 1.82366448e-01]



Rajiv Data Fits:
01 - [0.06638312, 3.17414901, 2.45812435, 1.30978218, 0.87637697, 0.13695541]
05 - [3.02844779e-03, 3.14480612e+00, 3.30565657e+00, 1.59646841e+00, 1.01647669e+00, 5.45089277e-01]
08 - [0.04560625, 1.53826924, 3.30723253, 3.27134663, 1.00814878, 0.05076906]
12 - [0.13975294, 1.9856537,  3.57353247, 1.89765196, 0.9555619,  0.01692007]
14 - [1.27167635e-03, 2.49159204e+00, 3.53825520e+00, 1.55688299e+00, 1.97490096e+00, 7.11824456e-01]
16 - [0.12519652, 0.71310447, 3.97435408, 2.25149752, 0.92981486, 0.00643546]
